-3 5.4 -39 -45 -31
-3 5.4 -40 -44 -31
-3 5.4 -43 -43 -33
-3 5.4 -42 -43 -34
-3 5.4 -41 -43 -34
-3 5.4 -42 -45 -32
-3 5.4 -38 -45 -33
-3 5.4 -41 -44 -33
-3 5.4 -41 -46 -32
-3 5.4 -39 -46 -32
-1.2 5.4 -40 -44 -34
-1.2 5.4 -38 -46 -33
-1.2 5.4 -40 -48 -30
-1.2 5.4 -39 -43 -30
-1.2 5.4 -38 -48 -32
-1.2 5.4 -36 -47 -36
-1.2 5.4 -34 -43 -32
-1.2 5.4 -37 -43 -33
-1.2 5.4 -36 -44 -35
-1.2 5.4 -38 -43 -35
0.6 5.4 -40 -45 -35
0.6 5.4 -40 -41 -36
0.6 5.4 -39 -42 -36
0.6 5.4 -42 -44 -33
0.6 5.4 -40 -42 -33
0.6 5.4 -42 -41 -33
0.6 5.4 -41 -43 -32
0.6 5.4 -40 -40 -35
0.6 5.4 -40 -40 -36
0.6 5.4 -39 -39 -36
2.4 5.4 -44 -46 -35
2.4 5.4 -45 -46 -33
2.4 5.4 -45 -44 -32
2.4 5.4 -46 -42 -34
2.4 5.4 -45 -43 -34
2.4 5.4 -40 -43 -33
2.4 5.4 -44 -43 -34
2.4 5.4 -42 -43 -30
2.4 5.4 -45 -43 -33
2.4 5.4 -47 -43 -33
4.2 5.4 -46 -39 -39
4.2 5.4 -45 -40 -38
4.2 5.4 -43 -40 -36
4.2 5.4 -44 -40 -37
4.2 5.4 -45 -39 -37
6 5.4 -46 -40 -44
6 5.4 -47 -39 -40
6 5.4 -47 -43 -41
6 5.4 -43 -42 -43
6 5.4 -46 -41 -42
7.8 5.4 -44 -41 -43
7.8 5.4 -43 -40 -47
7.8 5.4 -44 -41 -47
7.8 5.4 -44 -40 -47
7.8 5.4 -42 -40 -46
-3 1.8 -38 -47 -43
-3 1.8 -38 -44 -39
-3 1.8 -38 -49 -39
-3 1.8 -37 -49 -43
-3 1.8 -37 -45 -43
-1.2 1.8 -33 -46 -37
-1.2 1.8 -33 -41 -34
-1.2 1.8 -34 -45 -36
-1.2 1.8 -31 -45 -36
-1.2 1.8 -30 -42 -38
0.6 1.8 -34 -44 -40
0.6 1.8 -38 -43 -41
0.6 1.8 -32 -42 -39
0.6 1.8 -26 -42 -38
0.6 1.8 -35 -44 -37
2.4 1.8 -39 -39 -40
2.4 1.8 -39 -40 -38
2.4 1.8 -39 -41 -42
2.4 1.8 -38 -39 -40
2.4 1.8 -41 -41 -40
4.2 1.8 -44 -31 -41
4.2 1.8 -44 -31 -39
4.2 1.8 -45 -33 -39
4.2 1.8 -45 -32 -43
4.2 1.8 -45 -32 -40
6 1.8 -46 -33 -45
6 1.8 -47 -34 -45
6 1.8 -47 -39 -45
6 1.8 -45 -38 -45
6 1.8 -46 -38 -43
7.8 1.8 -48 -35 -46
7.8 1.8 -48 -34 -45
7.8 1.8 -46 -35 -47
7.8 1.8 -69 -35 -47
7.8 1.8 -50 -40 -43
7.8 0 -48 -35 -45
7.8 0 -47 -36 -45
7.8 0 -49 -35 -45
7.8 0 -46 -33 -44
7.8 0 -46 -35 -44
6 0 -47 -19 -40
6 0 -47 -19 -44
6 0 -47 -19 -42
6 0 -49 -24 -44
6 0 -45 -24 -43
2.4 0 -39 -41 -41
2.4 0 -39 -40 -39
2.4 0 -35 -39 -42
2.4 0 -38 -38 -42
2.4 0 -38 -37 -41
0.6 0 -34 -41 -39
0.6 0 -33 -42 -41
0.6 0 -33 -42 -38
0.6 0 -36 -45 -39
0.6 0 -33 -42 -40
-1.2 0 -24 -46 -42
-1.2 0 -24 -46 -40
-1.2 0 -23 -44 -37
-1.2 0 -24 -44 -39
-1.2 0 -23 -44 -41
-3 0 -33 -48 -44
-3 0 -36 -47 -44
-3 0 -33 -47 -42
-3 0 -33 -45 -41
-3 0 -36 -52 -43
-3 -1.8 -35 -46 -43
-3 -1.8 -35 -47 -42
-3 -1.8 -38 -43 -41
-3 -1.8 -36 -48 -42
-3 -1.8 -34 -46 -41
-1.2 -1.8 -28 -42 -38
-1.2 -1.8 -29 -45 -33
-1.2 -1.8 -26 -43 -38
-1.2 -1.8 -29 -43 -35
-1.2 -1.8 -29 -42 -39
0.6 -1.8 -36 -43 -39
0.6 -1.8 -35 -43 -40
0.6 -1.8 -37 -45 -41
0.6 -1.8 -39 -44 -41
0.6 -1.8 -37 -44 -40
4.2 -1.8 -41 -34 -41
4.2 -1.8 -50 -30 -42
4.2 -1.8 -44 -33 -43
4.2 -1.8 -42 -36 -41
4.2 -1.8 -42 -32 -41
6 -1.8 -43 -31 -40
6 -1.8 -42 -28 -39
6 -1.8 -43 -29 -43
6 -1.8 -43 -29 -44
6 -1.8 -78 -43 -44
7.8 -1.8 -47 -36 -46
7.8 -1.8 -49 -36 -46
7.8 -1.8 -47 -35 -44
7.8 -1.8 -45 -35 -45
7.8 -1.8 -45 -36 -45
-3 3 -39 -46 -38
-3 3 -39 -46 -37
-3 3 -39 -45 -38
-3 3 -40 -46 -37
-3 3 -36 -45 -36
-1.2 3 -38 -45 -31
-1.2 3 -40 -48 -32
-1.2 3 -39 -46 -32
-1.2 3 -39 -48 -32
-1.2 3 -41 -48 -34
0.6 3 -36 -45 -29
0.6 3 -43 -41 -31
0.6 3 -31 -42 -26
0.6 3 -31 -40 -31
0.6 3 -33 -42 -32
4.2 3 -67 -36 -41
4.2 3 -42 -28 -42
4.2 3 -42 -31 -43
4.2 3 -42 -28 -42
4.2 3 -42 -31 -43
4.2 3 -67 -36 -41
2.4 3 -37 -41 -39
2.4 3 -38 -39 -37
2.4 3 -38 -41 -35
2.4 3 -36 -42 -37
7.8 3 -47 -40 -39
7.8 3 -46 -41 -40
7.8 3 -48 -40 -39
7.8 3 -46 -41 -39
7.8 3 -52 -41 -41
5.7 3 -49 -42 -43
5.7 3 -44 -38 -43
5.7 3 -42 -39 -42
5.7 3 -42 -36 -44
5.7 3 -42 -37 -42
0.6 4.2 -38 -40 -17
0.6 4.2 -38 -44 -17
0.6 4.2 -41 -41 -17
0.6 4.2 -42 -42 -16
0.6 4.2 -42 -44 -16
1.2 4.2 -38 -42 -27
1.2 4.2 -37 -46 -30
1.2 4.2 -37 -44 -29
1.2 4.2 -39 -46 -28
1.2 4.2 -39 -43 -26
1.8 4.2 -39 -43 -33
1.8 4.2 -39 -41 -34
1.8 4.2 -39 -44 -32
1.8 4.2 -42 -44 -32
1.8 4.2 -38 -45 -34
2.4 4.2 -38 -45 -33
2.4 4.2 -42 -44 -34
2.4 4.2 -38 -44 -36
2.4 4.2 -41 -45 -37
2.4 4.2 -41 -43 -34
3 4.2 -40 -39 -33
3 4.2 -39 -41 -36
3 4.2 -40 -38 -37
3 4.2 -40 -39 -33
3 4.2 -40 -40 -38
3.6 4.2 -40 -38 -39
3.6 4.2 -42 -38 -37
3.6 4.2 -42 -39 -43
3.6 4.2 -45 -39 -34
3.6 4.2 -45 -36 -36
4.2 4.2 -43 -38 -41
4.2 4.2 -40 -35 -39
4.2 4.2 -40 -36 -40
4.2 4.2 -45 -37 -39
4.2 4.2 -40 -39 -39
6 4.2 -43 -39 -39
6 4.2 -45 -40 -40
6 4.2 -45 -40 -41
6 4.2 -44 -41 -38
6 4.2 -45 -41 -41
6.6 4.2 -50 -41 -41
6.6 4.2 -49 -42 -42
6.6 4.2 -47 -40 -42
6.6 4.2 -49 -41 -43
6.6 4.2 -49 -42 -43
7.2 4.2 -43 -45 -42
7.2 4.2 -48 -44 -42
7.2 4.2 -43 -44 -42
7.2 4.2 -45 -44 -41
7.2 4.2 -44 -43 -41
7.8 4.2 -46 -41 -42
7.8 4.2 -48 -41 -42
7.8 4.2 -48 -42 -44
7.8 4.2 -46 -41 -46
7.8 4.2 -47 -41 -45
9.6 4.2 -46 -45 -41
9.6 4.2 -47 -42 -40
9.6 4.2 -51 -41 -40
9.6 4.2 -45 -43 -41
9.6 4.2 -51 -43 -42
9 4.2 -49 -43 -43
9 4.2 -49 -39 -43
9 4.2 -48 -40 -42
9 4.2 -51 -40 -43
9 4.2 -47 -41 -43
8.4 4.2 -45 -43 -42
8.4 4.2 -46 -43 -44
8.4 4.2 -48 -44 -43
8.4 4.2 -44 -43 -43
8.4 4.2 -44 -46 -42
7.2 3 -46 -36 -47
7.2 3 -48 -37 -46
7.2 3 -43 -35 -45
7.2 3 -47 -36 -46
7.2 3 -47 -38 -48
7.8 3 -43 -41 -46
7.8 3 -42 -40 -45
7.8 3 -42 -43 -45
7.8 3 -42 -38 -46
7.8 3 -42 -40 -45
8.4 3 -47 -41 -44
8.4 3 -47 -40 -49
8.4 3 -46 -41 -48
8.4 3 -47 -40 -45
8.4 3 -51 -37 -45
9 3 -59 -41 -44
9 3 -48 -40 -45
9 3 -47 -45 -44
9 3 -51 -41 -45
9 3 -47 -42 -44
9.6 3 -48 -37 -48
9.6 3 -47 -37 -45
9.6 3 -48 -38 -45
9.6 3 -48 -37 -45
9.6 3 -50 -38 -48
7.2 1.8 -45 -38 -46
7.2 1.8 -43 -71 -42
7.2 1.8 -45 -41 -46
7.2 1.8 -45 -38 -46
7.2 1.8 -47 -37 -45
7.8 1.8 -47 -37 -48
7.8 1.8 -44 -39 -44
7.8 1.8 -49 -34 -48
7.8 1.8 -46 -34 -45
7.8 1.8 -47 -32 -45
8.4 1.8 -46 -40 -49
8.4 1.8 -43 -39 -49
8.4 1.8 -46 -37 -51
8.4 1.8 -46 -74 -49
8.4 1.8 -44 -40 -48
9 1.8 -51 -39 -47
9 1.8 -48 -39 -47
9 1.8 -47 -40 -48
9 1.8 -47 -39 -48
9 1.8 -49 -40 -50
9.6 1.8 -45 -39 -45
9.6 1.8 -42 -66 -48
9.6 1.8 -46 -40 -45
9.6 1.8 -45 -41 -44
9.6 1.8 -44 -45 -43
6 0 -44 -16 -44
6 0 -43 -17 -43
6 0 -42 -22 -44
6 0 -41 -20 -43
6 0 -43 -18 -42
6.6 0 -46 -27 -42
6.6 0 -74 -27 -44
6.6 0 -43 -26 -44
6.6 0 -42 -24 -43
6.6 0 -43 -34 -42
7.2 0 -47 -35 -46
7.2 0 -47 -35 -44
7.2 0 -47 -36 -47
7.2 0 -48 -38 -46
7.2 0 -47 -36 -50
6 -1.2 -44 -35 -46
6 -1.2 -42 -81 -48
6 -1.2 -43 -31 -47
6 -1.2 -43 -32 -45
6 -1.2 -45 -32 -48
6.6 -1.2 -48 -33 -46
6.6 -1.2 -46 -33 -47
6.6 -1.2 -45 -33 -47
6.6 -1.2 -44 -72 -48
6.6 -1.2 -45 -32 -48
7.2 -1.2 -44 -38 -49
7.2 -1.2 -48 -38 -50
7.2 -1.2 -49 -38 -49
7.2 -1.2 -46 -37 -49
7.2 -1.2 -44 -41 -48
7.8 -1.2 -47 -36 -47
7.8 -1.2 -48 -36 -50
7.8 -1.2 -48 -37 -50
7.8 -1.2 -49 -37 -50
7.8 -1.2 -50 -37 -49
8.4 -1.2 -48 -37 -46
8.4 -1.2 -48 -36 -46
8.4 -1.2 -48 -36 -47
8.4 -1.2 -44 -38 -47
8.4 -1.2 -48 -37 -48
9 -1.2 -48 -38 -49
9 -1.2 -48 -38 -48
9 -1.2 -52 -37 -50
9 -1.2 -44 -38 -50
9 -1.2 -51 -39 -52
9.6 -1.2 -46 -37 -49
9.6 -1.2 -49 -39 -48
9.6 -1.2 -49 -39 -49
9.6 -1.2 -49 -38 -49
9.6 -1.2 -48 -37 -45
4.2 0 -39 -33 -41
4.2 0 -80 -33 -42
4.2 0 -37 -33 -44
4.2 0 -38 -32 -42
4.2 0 -37 -32 -41
3.6 0 -38 -76 -42
3.6 0 -39 -36 -46
3.6 0 -38 -36 -44
3.6 0 -38 -35 -44
3.6 0 -39 -37 -43
3 0 -38 -36 -38
3 0 -44 -41 -40
3 0 -43 -41 -42
3 0 -40 -38 -42
3 0 -41 -39 -44
2.4 0 -35 -38 -40
2.4 0 -38 -38 -41
2.4 0 -36 -41 -39
2.4 0 -35 -40 -39
2.4 0 -37 -41 -39
1.8 0 -37 -38 -40
1.8 0 -38 -38 -39
1.8 0 -37 -38 -39
1.8 0 -41 -39 -62
1.8 0 -38 -37 -40
-3.6 0 -37 -76 -42
-3.6 0 -38 -43 -43
-3.6 0 -61 -48 -42
-3.6 0 -36 -44 -43
-3.6 0 -37 -49 -42
-4.2 0 -39 -49 -43
-4.2 0 -41 -44 -40
-4.2 0 -39 -43 -41
-4.2 0 -40 -44 -42
-4.2 0 -38 -51 -43
-4.8 0 -58 -57 -42
-4.8 0 -38 -47 -40
-4.8 0 -38 -44 -40
-4.8 0 -35 -47 -40
-4.8 0 -38 -46 -41
-3.6 1.8 -39 -46 -42
-3.6 1.8 -41 -48 -42
-3.6 1.8 -42 -48 -42
-3.6 1.8 -43 -48 -43
-3.6 1.8 -44 -46 -43
-4.2 1.8 -39 -48 -42
-4.2 1.8 -43 -48 -41
-4.2 1.8 -40 -48 -39
-4.2 1.8 -40 -51 -40
-4.2 1.8 -41 -50 -40
-4.8 1.8 -38 -52 -40
-4.8 1.8 -38 -50 -39
-4.8 1.8 -40 -47 -39
-4.8 1.8 -42 -51 -40
-4.8 1.8 -38 -50 -40
